 AIMExt (Version 17.11.14, Professional)
 Portions Copyright (c) 1997-2017 by Todd A. Keith
 AIMExt is a component of the AIMAll package ( http://aim.tkgristmill.com )

 TP:  64-bit Linux

 AIMExt is a heavily modified and extended version of the EXTREME program
 developed by members of R.F.W. Bader's research group

 Much of the Quantum Theory of Atoms in Molecules (QTAIM) is described in the book:
   "Atoms in Molecules - A Quantum Theory"
   R.F.W. Bader, Oxford University Press, Oxford, 1990

 For additional references see:  http://aim.tkgristmill.com/references.html

 Wfx File:  /home/vallet/John-methylsulfonyl/Np-complexes/NpO2_CH3SO2_SO2-m1/doublet-geom/optg-freq-pbe0/QTAIM/NpO2_CH3SO2_SO2-m1-doublet.QTAIM.wfx
 ExtOut File:  /home/vallet/John-methylsulfonyl/Np-complexes/NpO2_CH3SO2_SO2-m1/doublet-geom/optg-freq-pbe0/QTAIM/NpO2_CH3SO2_SO2-m1-doublet.QTAIM.extout
 Mgp File:  /home/vallet/John-methylsulfonyl/Np-complexes/NpO2_CH3SO2_SO2-m1/doublet-geom/optg-freq-pbe0/QTAIM/NpO2_CH3SO2_SO2-m1-doublet.QTAIM.mgp

 Specified number of ECP-modeled core electrons in wfx file =     60
 Integrated number of ECP-modeled core electrons from EDF data in wfx file =  6.0000000000E+01
 Scaling EDF coefficients by  1.0000000000E+00
 
 MgpViz File:  /home/vallet/John-methylsulfonyl/Np-complexes/NpO2_CH3SO2_SO2-m1/doublet-geom/optg-freq-pbe0/QTAIM/NpO2_CH3SO2_SO2-m1-doublet.QTAIM.mgpviz

 Wfx Title:   NpO2_CH3SO2_SO2-m1-doublet.QTAIM.chk                                          
 Job Title:  Auto                                                                           

 The nuclear coordinates:
      C1            2.8605918183E+00  5.8008355928E+00 -3.7653926868E+00
      S2            2.5860335097E+00  5.2474292972E+00 -3.9151345849E-01
      O3           -2.5377132127E-01  4.7393386341E+00 -1.1795670470E-01
      Np4           0.0000000000E+00  0.0000000000E+00  0.0000000000E+00
      O5            2.3661260806E-01 -4.8091073226E+00 -9.9777539377E-03
      S6           -2.6101653123E+00 -5.3007006767E+00 -8.0899175393E-02
      O7           -3.9559526692E+00 -2.7442413808E+00 -1.4607582943E-02
      O8            3.9134527286E+00  2.6862645833E+00 -1.1553785526E-01
      O9            0.0000000000E+00  0.0000000000E+00  3.3487836653E+00
      O10          -6.4439660848E-03 -1.2150938981E-02 -3.3617282893E+00
      H11           4.8579756402E+00  6.0169635697E+00 -4.2238591418E+00
      H12           2.0481607628E+00  4.1532967684E+00 -4.7000512280E+00
      H13           1.8168771825E+00  7.5171226536E+00 -4.2252008474E+00

 Number of primitives read from wavefunction =   1096
 Number of unique primitives to be used =   1001

 Using MO basis.

 Number of processors used for this job =    8

 Total memory allocated for AIMExt =       14.442 Megabytes
 
Model:  Unrestricted SCF
 
 Unrestricted, single-determinant wavefunction.
 First Beta MO of unrestricted wavefunction =     63
   Number of electrons (from MO Occs)                   =         123.0000000000
   Number of Alpha electrons (from MO Occs)             =          62.0000000000
   Number of Beta electrons (from MO Occs)              =          61.0000000000
   Number of electron pairs (N*(N-1)/2)                 =        7503.0000000000
   Number of electron pairs (from Muller 2EDM)          =        7503.0000000000
 
 Number of ECP-modeled core electrons based on atomic numbers and nuclear charges
 specified in the wavefunction file = 60       
 Number of ECP-modeled core electrons specified in the wavefunction file = 60       
 
 The wavefunction file contains additional electron density function data to represent
 the electron density distribution of ECP-modeled core electrons.

 Analyzing Rho, the electron density

 New critical point found: CP# 1     

 Number of Newton-Raphson Iterations:     1

 Coordinates of critical point and distance from molecular origin:
          X =   2.8605921775E+00
          Y =   5.8008363222E+00
          Z =  -3.7653921083E+00
          R =   7.4840408452E+00

 Vectors and distances from nuclei to critical point:
 Nucleus           X                 Y                 Z                Dist  
 C1         3.5917979391E-07  7.2938717910E-07  5.7844856993E-07  9.9780685979E-07
 S2         2.7455866782E-01  5.5340702497E-01 -3.3738786498E+00  3.4299706910E+00
 O3         3.1143634988E+00  1.0614976881E+00 -3.6474354036E+00  4.9122115557E+00
 Np4        2.8605921775E+00  5.8008363222E+00 -3.7653921083E+00  7.4840408452E+00
 O5         2.6239795694E+00  1.0609943645E+01 -3.7554143544E+00  1.1556786314E+01
 S6         5.4707574898E+00  1.1101536999E+01 -3.6844929329E+00  1.2913125083E+01
 O7         6.8165448467E+00  8.5450777030E+00 -3.7507845254E+00  1.1556470964E+01
 O8        -1.0528605511E+00  3.1145717389E+00 -3.6498542531E+00  4.9122813972E+00
 O9         2.8605921775E+00  5.8008363222E+00 -7.1141757737E+00  9.6147899915E+00
 O10        2.8670361436E+00  5.8129872612E+00 -4.0366381902E-01  6.4941251625E+00
 H11       -1.9973834627E+00 -2.1612724748E-01  4.5846703353E-01  2.0606901041E+00
 H12        8.1243141465E-01  1.6475395538E+00  9.3465911966E-01  2.0610723071E+00
 H13        1.0437149950E+00 -1.7162863315E+00  4.5980873908E-01  2.0606804311E+00

 Angles of vectors with respect to YZ/XZ/XY planes:
 Nucleus        YZ Angle          XZ Angle          XY Angle
 C1         2.1098308001E+01  4.6969482407E+01  3.5430849732E+01
 S2         4.5912640154E+00  9.2849464310E+00  7.9623839440E+01
 O3         3.9346178090E+01  1.2479696812E+01  4.7946875302E+01
 Np4        2.2471611199E+01  5.0813569859E+01  3.0206823376E+01
 O5         1.3123512085E+01  6.6645600741E+01  1.8962737868E+01
 S6         2.5065791540E+01  5.9283987193E+01  1.6578533393E+01
 O7         3.6146121633E+01  4.7681972546E+01  1.8939005347E+01
 O8         1.2376357545E+01  3.9348651073E+01  4.7988108926E+01
 O9         1.7308708423E+01  3.7108355057E+01  4.7724604461E+01
 O10        2.6198445179E+01  6.3523173668E+01  3.5637059341E+00
 H11        7.5761177604E+01  6.0203107492E+00  1.2854871226E+01
 H12        2.3214780040E+01  5.3069066999E+01  2.6967303646E+01
 H13        3.0430342994E+01  5.6395067926E+01  1.2893199741E+01

 The Hessian:
  -2.4823927986E+05  1.2587944010E-01  1.1376768566E-01
   1.2587944010E-01 -2.4823908659E+05  2.2964781959E-01
   1.1376768566E-01  2.2964781959E-01 -2.4824020255E+05

 Eigenvalues of the Hessian: 
  -2.4824025589E+05 -2.4823934192E+05 -2.4823897119E+05

 Eigenvectors of the Hessian:
  -9.0575020786E-02  8.9675635659E-01  4.3315609486E-01
  -1.8252545205E-01 -4.4252437670E-01  8.7798441636E-01
   9.7902023726E-01  4.6144473782E-04  2.0376251399E-01

 The stress tensor:
  -6.2064975768E+04 -3.3096863678E-02 -2.8500230134E-02
  -3.3096863678E-02 -6.2065026559E+04 -5.7514655663E-02
  -2.8500230134E-02 -5.7514655663E-02 -6.2064728740E+04

 Eigenvalues of the stress tensor:
  -6.2065055490E+04 -6.2064959447E+04 -6.2064716130E+04

 Eigenvectors of the stress tensor:
   4.3422106692E-01  8.9672041440E-01 -8.5700428420E-02
   8.7994045847E-01 -4.4259722895E-01 -1.7266291575E-01
   1.9276113350E-01  4.3739877923E-04  9.8124561354E-01

 Minus divergence of the stress tensor: 
  -1.3165182211E+03 -2.6734598412E+03 -2.1250496126E+03

 Values: 
 Rho(r)                   1.2095247667E+02
 |Grad(Rho(r))|           1.2256152450E-09
 Grad(Rho(r))x            4.1394729311E-10
 Grad(Rho(r))y            9.0880264425E-10
 Grad(Rho(r))z            7.1053368744E-10
 DelSq(Rho(r))           -7.4471856900E+05
 G(r)                     7.5444088845E+00
 K(r)                     1.8618718666E+05
 L(r)                     1.8617964225E+05
 Vnuc(r)                  6.0132142555E+06
 V(r)                    -1.8619473107E+05
 Ven(r)                  -7.2731315692E+08
 Vrep(r)                  7.2712696219E+08
 DelSq(V(r))              1.1201294455E+10
 DelSq(Ven(r))            4.4781530532E+12
 DelSq(Vrep(r))          -4.4669517587E+12
 DelSq(G(r))              3.8214374388E+08
 DelSq(K(r))             -1.1583438199E+10

 New critical point found: CP# 2     

 Number of Newton-Raphson Iterations:    13

 Coordinates of critical point and distance from molecular origin:
          X =   2.5860333875E+00
          Y =   5.2474290491E+00
          Z =  -3.9151361358E-01
          R =   5.8631359541E+00

 Vectors and distances from nuclei to critical point:
 Nucleus           X                 Y                 Z                Dist  
 C1        -2.7455843080E-01 -5.5340654371E-01  3.3738790732E+00  3.4299710108E+00
 S2        -1.2216542267E-07 -2.4812950272E-07 -1.5509267054E-07  3.1709048720E-07
 O3         2.8398047088E+00  5.0809041498E-01 -2.7355690888E-01  2.8978405816E+00
 Np4        2.5860333875E+00  5.2474290491E+00 -3.9151361358E-01  5.8631359541E+00
 O5         2.3494207795E+00  1.0056536372E+01 -3.8153585964E-01  1.0334373295E+01
 S6         5.1961986998E+00  1.0548129726E+01 -3.1061443819E-01  1.1762652888E+01
 O7         6.5419860567E+00  7.9916704299E+00 -3.7690603064E-01  1.0334719928E+01
 O8        -1.3274193411E+00  2.5611644658E+00 -2.7597575832E-01  2.8978902924E+00
 O9         2.5860333875E+00  5.2474290491E+00 -3.7402972789E+00  6.9435512558E+00
 O10        2.5924773536E+00  5.2595799881E+00  2.9702146757E+00  6.5731496027E+00
 H11       -2.2719422527E+00 -7.6953452057E-01  3.8323455283E+00  4.5211477775E+00
 H12        5.3787262467E-01  1.0941322807E+00  4.3085376144E+00  4.4777146830E+00
 H13        7.6915620506E-01 -2.2696936046E+00  3.8336872338E+00  4.5210914759E+00

 Angles of vectors with respect to YZ/XZ/XY planes:
 Nucleus        YZ Angle          XZ Angle          XY Angle
 C1         4.5912596144E+00  9.2849374117E+00  7.9623849529E+01
 S2         2.2660497469E+01  5.1491844658E+01  2.9282213584E+01
 O3         7.8513806378E+01  1.0098104149E+01  5.4168022034E+00
 Np4        2.6171953652E+01  6.3506729173E+01  3.8288011785E+00
 O5         1.3140541630E+01  7.6684166343E+01  2.1157899896E+00
 S6         2.6215845457E+01  6.3733782090E+01  1.5131761126E+00
 O7         3.9272581435E+01  5.0649684688E+01  2.0900338814E+00
 O8         2.7262254069E+01  6.2104590128E+01  5.4647498391E+00
 O9         2.1865974224E+01  4.9088932635E+01  3.2593288052E+01
 O10        2.3228816390E+01  5.3145508958E+01  2.6863779024E+01
 H11        3.0166496975E+01  9.7998999673E+00  5.7956854366E+01
 H12        6.8991510907E+00  1.4143459615E+01  7.4199998895E+01
 H13        9.7951578583E+00  3.0133955990E+01  5.7990057903E+01

 The Hessian:
  -9.8085377721E+07  6.2309092229E+01  4.4033229629E+01
   6.2309092229E+01 -9.8085281814E+07  8.9491693548E+01
   4.4033229629E+01  8.9491693548E+01 -9.8085310740E+07

 Eigenvalues of the Hessian: 
  -9.8085408393E+07 -9.8085385036E+07 -9.8085176847E+07

 Eigenvectors of the Hessian:
   8.9704561561E-01 -2.6437373778E-01  3.5414077750E-01
  -4.4193766759E-01 -5.3569821974E-01  7.1952659112E-01
   5.1135028072E-04  8.0195632309E-01  5.9738245235E-01

 The stress tensor:
  -2.4527753385E+07 -1.4741062446E+01 -1.0518618545E+01
  -1.4741062446E+01 -2.4527776075E+07 -2.1378326618E+01
  -1.0518618545E+01 -2.1378326618E+01 -2.4527769938E+07

 Eigenvalues of the stress tensor:
  -2.4527801384E+07 -2.4527751885E+07 -2.4527746129E+07

 Eigenvectors of the stress tensor:
   3.5196959702E-01 -2.6725244082E-01  8.9704712008E-01
   7.1513042386E-01 -5.4155541905E-01 -4.4193461616E-01
   6.0390883388E-01  7.9705323597E-01  5.0930867244E-04

 Minus divergence of the stress tensor: 
   7.8832878037E+06  1.6011701543E+07  1.0007895050E+07

 Values: 
 Rho(r)                   2.6280004444E+03
 |Grad(Rho(r))|           3.3195421918E-08
 Grad(Rho(r))x           -1.1734737626E-09
 Grad(Rho(r))y            3.3109500919E-08
 Grad(Rho(r))z            2.0784476362E-09
 DelSq(Rho(r))           -2.9425597027E+08
 G(r)                     9.6534145055E+03
 K(r)                     7.3573645983E+07
 L(r)                     7.3563992569E+07
 Vnuc(r)                  5.0458811808E+07
 V(r)                    -7.3583299398E+07
 Ven(r)                  -1.3260577985E+11
 Vrep(r)                  1.3253219656E+11
 DelSq(V(r))              1.9508014982E+14
 DelSq(Ven(r))            1.4847806498E+16
 DelSq(Vrep(r))          -1.4652726415E+16
 DelSq(G(r))              2.7463438626E+12
 DelSq(K(r))             -1.9782649368E+14

 New critical point found: CP# 3     

 Number of Newton-Raphson Iterations:     2

 Coordinates of critical point and distance from molecular origin:
          X =  -2.5376527022E-01
          Y =   4.7393385914E+00
          Z =  -1.1795752773E-01
          R =   4.7475931875E+00

 Vectors and distances from nuclei to critical point:
 Nucleus           X                 Y                 Z                Dist  
 C1        -3.1143570885E+00 -1.0614970014E+00  3.6474351590E+00  4.9122071616E+00
 S2        -2.8397987799E+00 -5.0809070586E-01  2.7355593076E-01  2.8978347301E+00
 O3         6.0510467816E-06 -4.2746136408E-08 -8.2303377623E-07  6.1069123936E-06
 Np4       -2.5376527022E-01  4.7393385914E+00 -1.1795752773E-01  4.7475931875E+00
 O5        -4.9037787828E-01  9.5484459140E+00 -1.0797977379E-01  9.5616394759E+00
 S6         2.3564000421E+00  1.0040039268E+01 -3.7058352337E-02  1.0312923106E+01
 O7         3.7021873989E+00  7.4835799722E+00 -1.0334994479E-01  8.3499007149E+00
 O8        -4.1672179988E+00  2.0530740080E+00 -2.4196724733E-03  4.6455166114E+00
 O9        -2.5376527022E-01  4.7393385914E+00 -3.4667411931E+00  5.8774162347E+00
 O10       -2.4732130414E-01  4.7514895303E+00  3.2437707616E+00  5.7584606743E+00
 H11       -5.1117409104E+00 -1.2776249783E+00  4.1059016141E+00  6.6798689198E+00
 H12       -2.3019260331E+00  5.8604182300E-01  4.5820937002E+00  5.1611908662E+00
 H13       -2.0706424527E+00 -2.7777840623E+00  4.1072433197E+00  5.3733687897E+00

 Angles of vectors with respect to YZ/XZ/XY planes:
 Nucleus        YZ Angle          XZ Angle          XY Angle
 C1         3.9346123425E+01  1.2479699952E+01  4.7946927859E+01
 S2         7.8513787057E+01  1.0098130595E+01  5.4167937479E+00
 O3         8.2244126864E+01  4.0105261854E-01  7.7453694874E+00
 Np4        3.0639970058E+00  8.6620816761E+01  1.4237032900E+00
 O5         2.9397588461E+00  8.6989750945E+01  6.4705606571E-01
 S6         1.3208189405E+01  7.6790147749E+01  2.0588651077E-01
 O7         2.6319802593E+01  6.3669155603E+01  7.0919009190E-01
 O8         6.3771781046E+01  2.6228199349E+01  2.9843188251E-02
 O9         2.4745908153E+00  5.3742218924E+01  3.6145727386E+01
 O10        2.4615653188E+00  5.5601865064E+01  3.4284682988E+01
 H11        4.9928854769E+01  1.1026616040E+01  3.7927799940E+01
 H12        2.6487769198E+01  6.5198709584E+00  6.2597805964E+01
 H13        2.2665641305E+01  3.1128147408E+01  4.9851000394E+01

 The Hessian:
  -1.1127195036E+06 -4.6643954774E+00  2.3972193805E+00
  -4.6643954774E+00 -1.1127021264E+06  2.4529637637E+00
   2.3972193805E+00  2.4529637637E+00 -1.1126957833E+06

 Eigenvalues of the Hessian: 
  -1.1127210173E+06 -1.1127014780E+06 -1.1126949182E+06

 Eigenvectors of the Hessian:
   9.6071038383E-01 -2.7523616246E-01  3.5785657500E-02
   2.5224727370E-01  9.1961870260E-01  3.0111917033E-01
  -1.1578804481E-01 -2.8026147916E-01  9.5291480835E-01

 The stress tensor:
  -2.7821573318E+05  1.0983495045E+00 -6.3627909303E-01
   1.0983495045E+00 -2.7822039623E+05 -5.9479599293E-01
  -6.3627909303E-01 -5.9479599293E-01 -2.7822190785E+05

 Eigenvalues of the stress tensor:
  -2.7822212429E+05 -2.7822051266E+05 -2.7821540030E+05

 Eigenvectors of the stress tensor:
   4.3218394069E-02 -2.5031094950E-01  9.6720039236E-01
   3.0048498938E-01  9.2653645361E-01  2.2636026877E-01
   9.5280687527E-01 -2.8084627233E-01 -1.1525810058E-01

 Minus divergence of the stress tensor: 
  -1.8496383332E+05  1.2775752513E+03  2.5173446861E+04

 Values: 
 Rho(r)                   2.9810756875E+02
 |Grad(Rho(r))|           4.7405123950E-10
 Grad(Rho(r))x            8.9664387026E-12
 Grad(Rho(r))y            4.7395776193E-10
 Grad(Rho(r))z            2.8671509611E-12
 DelSq(Rho(r))           -3.3381174134E+06
 G(r)                     6.4341951261E+01
 K(r)                     8.3459369530E+05
 L(r)                     8.3452935335E+05
 Vnuc(r)                  1.3100256352E+06
 V(r)                    -8.3465803725E+05
 Ven(r)                  -3.9052855711E+08
 Vrep(r)                  3.8969389908E+08
 DelSq(V(r))              9.3328422430E+10
 DelSq(Ven(r))            4.3730193879E+12
 DelSq(Vrep(r))          -4.2796909696E+12
 DelSq(G(r))              3.1154392284E+09
 DelSq(K(r))             -9.6443861659E+10

 New critical point found: CP# 4     

 Number of Newton-Raphson Iterations:     1

 Coordinates of critical point and distance from molecular origin:
          X =   1.1436293291E-16
          Y =   2.3271329441E-16
          Z =  -1.3337255715E-16
          R =   2.9158634539E-16

 Vectors and distances from nuclei to critical point:
 Nucleus           X                 Y                 Z                Dist  
 C1        -2.8605918183E+00 -5.8008355928E+00  3.7653926868E+00  7.4840404336E+00
 S2        -2.5860335097E+00 -5.2474292972E+00  3.9151345849E-01  5.8631362197E+00
 O3         2.5377132127E-01 -4.7393386341E+00  1.1795670470E-01  4.7475935332E+00
 Np4        1.1436293291E-16  2.3271329441E-16 -1.3337255715E-16  2.9158634539E-16
 O5        -2.3661260806E-01  4.8091073226E+00  9.9777539377E-03  4.8149349240E+00
 S6         2.6101653123E+00  5.3007006767E+00  8.0899175393E-02  5.9090553642E+00
 O7         3.9559526692E+00  2.7442413808E+00  1.4607582943E-02  4.8146272606E+00
 O8        -3.9134527286E+00 -2.6862645833E+00  1.1553785526E-01  4.7481026386E+00
 O9         1.1436293291E-16  2.3271329441E-16 -3.3487836653E+00  3.3487836653E+00
 O10        6.4439660848E-03  1.2150938981E-02  3.3617282893E+00  3.3617564250E+00
 H11       -4.8579756402E+00 -6.0169635697E+00  4.2238591418E+00  8.8116266358E+00
 H12       -2.0481607628E+00 -4.1532967684E+00  4.7000512280E+00  6.5981298943E+00
 H13       -1.8168771825E+00 -7.5171226536E+00  4.2252008474E+00  8.8125193836E+00

 Angles of vectors with respect to YZ/XZ/XY planes:
 Nucleus        YZ Angle          XZ Angle          XY Angle
 C1         2.2471609527E+01  5.0813564887E+01  3.0206830335E+01
 S2         2.6171953707E+01  6.3506729401E+01  3.8287994858E+00
 O3         3.0640699134E+00  8.6620754864E+01  1.4236932505E+00
 Np4        2.3092050594E+01  5.2948470313E+01  2.7219673832E+01
 O5         2.8167288547E+00  8.7180765830E+01  1.1873132407E-01
 S6         2.6213863300E+01  6.3772589486E+01  7.8444452493E-01
 O7         5.5250603861E+01  3.4748833058E+01  1.7383570737E-01
 O8         5.5508884998E+01  3.4454762272E+01  1.3943432662E+00
 O9         0.0000000000E+00  0.0000000000E+00  9.0000000000E+01
 O10        1.0982719727E-01  2.0709383685E-01  8.9765585889E+01
 H11        3.3457225225E+01  4.3066259972E+01  2.8643001910E+01
 H12        1.8084262842E+01  3.9010717372E+01  4.5424874455E+01
 H13        1.1897998716E+01  5.8540024191E+01  2.8649771517E+01

 The Hessian:
  -9.0513487122E+14  4.9319848279E+00 -1.9340410711E-01
   4.9319848279E+00 -9.0513487122E+14 -4.0285680624E-01
  -1.9340410711E-01 -4.0285680624E-01 -9.0513487122E+14

 Eigenvalues of the Hessian: 
  -9.0513487122E+14 -9.0513487122E+14 -9.0513487122E+14

 Eigenvectors of the Hessian:
   3.8850039463E-03  8.9764257247E-01  4.4070706693E-01
   8.1378213304E-03 -4.4072417934E-01  8.9760568938E-01
   9.9995934048E-01  9.9193724251E-05 -9.0170700492E-03

 The stress tensor:
  -3.2482801505E+04 -2.0025433287E+00  5.3164977805E-02
  -2.0025433287E+00 -3.2485880486E+04  1.1198721233E-01
   5.3164977805E-02  1.1198721233E-01 -3.2484091188E+04

 Eigenvalues of the stress tensor:
  -3.2486872428E+04 -3.2484085665E+04 -3.2481815087E+04

 Eigenvectors of the stress tensor:
   4.4142999085E-01  2.0381553382E-02  8.9706418692E-01
   8.9619039407E-01  3.9592357403E-02 -4.4189956191E-01
  -4.4523485413E-02  9.9900802675E-01 -7.8849839066E-04

 Minus divergence of the stress tensor: 
  -3.0881555580E+02 -6.2839222819E+02  3.6245080931E+02

 Values: 
 Rho(r)                   1.9658522680E+07
 |Grad(Rho(r))|           3.9301346229E-16
 Grad(Rho(r))x           -2.0816681712E-16
 Grad(Rho(r))y            3.3306690739E-16
 Grad(Rho(r))z            1.3877787808E-17
 DelSq(Rho(r))           -2.7154046137E+15
 G(r)                     9.0018046091E+02
 K(r)                     9.6552592719E+04
 L(r)                     6.7885115341E+14
 Vnuc(r)                  9.3000000181E+09
 V(r)                    -9.7452773180E+04
 Ven(r)                  -1.8282426128E+17
 Vrep(r)                  1.8282426128E+17
 DelSq(V(r))              1.0144662391E+10
 DelSq(Ven(r))            5.4847278531E+33
 DelSq(Vrep(r))          -5.4847278531E+33
 DelSq(G(r))              1.2192607553E+09
 DelSq(K(r))             -1.1363923146E+10

 New critical point found: CP# 5     

 Number of Newton-Raphson Iterations:     2

 Coordinates of critical point and distance from molecular origin:
          X =   2.3660662483E-01
          Y =  -4.8091071685E+00
          Z =  -9.9779044906E-03
          R =   4.8149344763E+00

 Vectors and distances from nuclei to critical point:
 Nucleus           X                 Y                 Z                Dist  
 C1        -2.6239851935E+00 -1.0609942761E+01  3.7554147823E+00  1.1556786919E+01
 S2        -2.3494268849E+00 -1.0056536466E+01  3.8153555400E-01  1.0334374763E+01
 O3         4.9037794610E-01 -9.5484458026E+00  1.0797880020E-01  9.5616393571E+00
 Np4        2.3660662483E-01 -4.8091071685E+00 -9.9779044906E-03  4.8149344763E+00
 O5        -5.9832266293E-06  1.5415402554E-07 -1.5055290226E-07  5.9871053555E-06
 S6         2.8467719371E+00  4.9159350820E-01  7.0921270902E-02  2.8897758505E+00
 O7         4.1925592940E+00 -2.0648657876E+00  4.6296784523E-03  4.6734618420E+00
 O8        -3.6768461038E+00 -7.4953717518E+00  1.0555995077E-01  8.3493076283E+00
 O9         2.3660662483E-01 -4.8091071685E+00 -3.3587615698E+00  5.8706706376E+00
 O10        2.4305059091E-01 -4.7969562295E+00  3.3517503848E+00  5.8569696345E+00
 H11       -4.6213690154E+00 -1.0826070738E+01  4.2138812374E+00  1.2502705879E+01
 H12       -1.8115541380E+00 -8.9624039368E+00  4.6900733235E+00  1.0276341786E+01
 H13       -1.5802705576E+00 -1.2326229822E+01  4.2152229429E+00  1.3122549338E+01

 Angles of vectors with respect to YZ/XZ/XY planes:
 Nucleus        YZ Angle          XZ Angle          XY Angle
 C1         1.3123540016E+01  6.6645582746E+01  1.8962739081E+01
 S2         1.3140574490E+01  7.6684134214E+01  2.1157879932E+00
 O3         2.9397592895E+00  8.6989751766E+01  6.4705023940E-01
 Np4        2.8166578327E+00  8.7180836713E+01  1.1873312663E-01
 O5         8.7937484650E+01  1.4753959916E+00  1.4409225703E+00
 S6         8.0103090662E+01  9.7944911670E+00  1.4063019898E+00
 O7         6.3779363044E+01  2.6220566027E+01  5.6759012529E-02
 O8         2.6127961067E+01  6.3860458858E+01  7.2440746852E-01
 O9         2.3098270401E+00  5.5002302501E+01  3.4898590955E+01
 O10        2.3783242642E+00  5.4986487347E+01  3.4908461652E+01
 H11        2.1692769866E+01  5.9985428771E+01  1.9696487448E+01
 H12        1.0153384814E+01  6.0708227121E+01  2.7154741462E+01
 H13        6.9165764208E+00  6.9937120967E+01  1.8736710504E+01

 The Hessian:
  -1.1129585098E+06 -3.7305914302E+00 -4.4220737654E-01
  -3.7305914302E+00 -1.1129414865E+06  5.1241916859E-02
  -4.4220737654E-01  5.1241916859E-02 -1.1129419581E+06

 Eigenvalues of the Hessian: 
  -1.1129593017E+06 -1.1129419636E+06 -1.1129406891E+06

 Eigenvectors of the Hessian:
   9.7849457563E-01 -9.0301168136E-04 -2.0627057481E-01
   2.0483106523E-01 -1.1376079839E-01  9.7216393446E-01
   2.4343380664E-02  9.9350775806E-01  1.1112935930E-01

 The stress tensor:
  -2.7827658524E+05  8.5972320686E-01  1.1723292526E-01
   8.5972320686E-01 -2.7828113514E+05 -1.4045738556E-02
   1.1723292526E-01 -1.4045738556E-02 -2.7828097681E+05

 Eigenvalues of the stress tensor:
  -2.7828129601E+05 -2.7828097576E+05 -2.7827642542E+05

 Eigenvectors of the stress tensor:
  -1.8109313709E-01 -4.5641531345E-03  9.8345535954E-01
   9.7734933572E-01 -1.1219025105E-01  1.7944810818E-01
   1.0951507503E-01  9.9367626321E-01  2.4777656547E-02

 Minus divergence of the stress tensor: 
   1.8293145441E+05 -4.6737165032E+03  4.6020221361E+03

 Values: 
 Rho(r)                   2.9817958142E+02
 |Grad(Rho(r))|           1.3473227680E-10
 Grad(Rho(r))x           -8.2702733550E-12
 Grad(Rho(r))y           -1.3447820635E-10
 Grad(Rho(r))z            3.1724622929E-14
 DelSq(Rho(r))           -3.3388419544E+06
 G(r)                     6.4104296966E+01
 K(r)                     8.3477459289E+05
 L(r)                     8.3471048860E+05
 Vnuc(r)                  1.3362383892E+06
 V(r)                    -8.3483869719E+05
 Ven(r)                  -3.9843900356E+08
 Vrep(r)                  3.9760416486E+08
 DelSq(V(r))              9.3348414497E+10
 DelSq(Ven(r))            4.4614887916E+12
 DelSq(Vrep(r))          -4.3681403771E+12
 DelSq(G(r))              3.1160354920E+09
 DelSq(K(r))             -9.6464449989E+10

 New critical point found: CP# 6     

 Number of Newton-Raphson Iterations:    17

 Coordinates of critical point and distance from molecular origin:
          X =  -2.6101651776E+00
          Y =  -5.3007004032E+00
          Z =  -8.0899163256E-02
          R =   5.9090550593E+00

 Vectors and distances from nuclei to critical point:
 Nucleus           X                 Y                 Z                Dist  
 C1        -5.4707569959E+00 -1.1101535996E+01  3.6844935235E+00  1.2913124181E+01
 S2        -5.1961986873E+00 -1.0548129700E+01  3.1061429523E-01  1.1762652856E+01
 O3        -2.3563938563E+00 -1.0040039037E+01  3.7057541439E-02  1.0312921465E+01
 Np4       -2.6101651776E+00 -5.3007004032E+00 -8.0899163256E-02  5.9090550593E+00
 O5        -2.8467777857E+00 -4.9159308056E-01 -7.0921409319E-02  2.8897815426E+00
 S6         1.3467704063E-07  2.7348191001E-07  1.2136305572E-08  3.0508613585E-07
 O7         1.3457874915E+00 -2.5564590224E+00 -6.6291580313E-02  2.8898133640E+00
 O8        -6.5236179062E+00 -7.9869649865E+00  3.4638692000E-02  1.0312633035E+01
 O9        -2.6101651776E+00 -5.3007004032E+00 -3.4296828286E+00  6.8317721949E+00
 O10       -2.6037212115E+00 -5.2885494642E+00  3.2808291260E+00  6.7462552084E+00
 H11       -7.4681408178E+00 -1.1317663973E+01  4.1429599786E+00  1.4178390687E+01
 H12       -4.6583259405E+00 -9.4539971715E+00  4.6191520647E+00  1.1507155551E+01
 H13       -4.4270423601E+00 -1.2817823057E+01  4.1443016841E+00  1.4179934006E+01

 Angles of vectors with respect to YZ/XZ/XY planes:
 Nucleus        YZ Angle          XZ Angle          XY Angle
 C1         2.5065790994E+01  5.9283985225E+01  1.6578537320E+01
 S2         2.6215845465E+01  6.3733782127E+01  1.5131754202E+00
 O3         1.3208156244E+01  7.6790180978E+01  2.0588203838E-01
 Np4        2.6213863300E+01  6.3772589489E+01  7.8444444773E-01
 O5         8.0103118473E+01  9.7944630800E+00  1.4063019644E+00
 S6         2.6195756608E+01  6.3689968540E+01  2.2798237333E+00
 O7         2.7755565801E+01  6.2207869850E+01  1.3144658476E+00
 O8         3.9241104419E+01  5.0758235891E+01  1.9244887163E-01
 O9         2.2461508312E+01  5.0885748658E+01  3.0133698910E+01
 O10        2.2702767045E+01  5.1621244607E+01  2.9098897117E+01
 H11        3.1784575193E+01  5.2961727161E+01  1.6989857409E+01
 H12        2.3879843716E+01  5.5242820580E+01  2.3666706052E+01
 H13        1.8192147643E+01  6.4681022792E+01  1.6993620855E+01

 The Hessian:
  -9.8090330221E+07  5.6030357627E+01 -1.0989668346E+00
   5.6030357627E+01 -9.8090244071E+07 -1.7879167484E+00
  -1.0989668346E+00 -1.7879167484E+00 -9.8090164036E+07

 Eigenvalues of the Hessian: 
  -9.8090357820E+07 -9.8090216555E+07 -9.8090163952E+07

 Eigenvectors of the Hessian:
   8.9708027266E-01  4.4148134159E-01 -1.8471855415E-02
  -4.4186645389E-01  8.9638933818E-01 -3.5216350304E-02
   1.0106126727E-03  3.9753986381E-02  9.9920898676E-01

 The stress tensor:
  -2.4528978216E+07 -1.2982703193E+01  3.1882083744E-01
  -1.2982703193E+01 -2.4528998177E+07  5.3663753715E-01
   3.1882083744E-01  5.3663753715E-01 -2.4529020201E+07

 Eigenvalues of the stress tensor:
  -2.4529020226E+07 -2.4529004547E+07 -2.4528971820E+07

 Eigenvectors of the stress tensor:
  -1.8457210638E-02  4.4148507490E-01  8.9707873680E-01
  -3.5186785022E-02  8.9638896194E-01 -4.4186957247E-01
   9.9921029895E-01  3.9720996433E-02  1.0103994632E-03

 Minus divergence of the stress tensor: 
  -8.6928917640E+06 -1.7652218389E+07 -7.8330708152E+05

 Values: 
 Rho(r)                   2.6282388330E+03
 |Grad(Rho(r))|           3.4784711562E-08
 Grad(Rho(r))x            2.0570313453E-08
 Grad(Rho(r))y           -2.8050166634E-08
 Grad(Rho(r))z            1.6283352444E-10
 DelSq(Rho(r))           -2.9427073833E+08
 G(r)                     9.6560055851E+03
 K(r)                     7.3577340587E+07
 L(r)                     7.3567684582E+07
 Vnuc(r)                  5.2444232724E+07
 V(r)                    -7.3586996593E+07
 Ven(r)                  -1.3783596902E+11
 Vrep(r)                  1.3776238202E+11
 DelSq(V(r))              1.9508971595E+14
 DelSq(Ven(r))            1.5432802653E+16
 DelSq(Vrep(r))          -1.5237712937E+16
 DelSq(G(r))              2.7463704463E+12
 DelSq(K(r))             -1.9783608640E+14

 New critical point found: CP# 7     

 Number of Newton-Raphson Iterations:     2

 Coordinates of critical point and distance from molecular origin:
          X =  -3.9559488995E+00
          Y =  -2.7442460297E+00
          Z =  -1.4607721000E-02
          R =   4.8146268134E+00

 Vectors and distances from nuclei to critical point:
 Nucleus           X                 Y                 Z                Dist  
 C1        -6.8165407178E+00 -8.5450816225E+00  3.7507849658E+00  1.1556471570E+01
 S2        -6.5419824092E+00 -7.9916753269E+00  3.7690573749E-01  1.0334721395E+01
 O3        -3.7021775782E+00 -7.4835846638E+00  1.0334898370E-01  8.3499005535E+00
 Np4       -3.9559488995E+00 -2.7442460297E+00 -1.4607721000E-02  4.8146268134E+00
 O5        -4.1925615075E+00  2.0648612929E+00 -4.6299670622E-03  4.6734618421E+00
 S6        -1.3457835872E+00  2.5564546469E+00  6.6291454393E-02  2.8898076722E+00
 O7         3.7696906126E-06 -4.6488890684E-06 -1.3805703577E-07  5.9868018699E-06
 O8        -7.8694016281E+00 -5.4305106131E+00  1.0093013426E-01  9.5618049758E+00
 O9        -3.9559488995E+00 -2.7442460297E+00 -3.3633913863E+00  5.8730587929E+00
 O10       -3.9495049334E+00 -2.7320950907E+00  3.3471205683E+00  5.8537294866E+00
 H11       -8.8139245397E+00 -8.7612095994E+00  4.2092514208E+00  1.3121046336E+01
 H12       -6.0041096623E+00 -6.8975427981E+00  4.6854435070E+00  1.0275155003E+01
 H13       -5.7728260819E+00 -1.0261368683E+01  4.2105931264E+00  1.2504011464E+01

 Angles of vectors with respect to YZ/XZ/XY planes:
 Nucleus        YZ Angle          XZ Angle          XY Angle
 C1         3.6146094090E+01  4.7681998111E+01  1.8939006625E+01
 S2         3.9272548663E+01  5.0649717586E+01  2.0900319583E+00
 O3         2.6319727958E+01  6.3669230421E+01  7.0918351023E-01
 Np4        5.5250532827E+01  3.4748904081E+01  1.7383736645E-01
 O5         6.3779424462E+01  2.6220504601E+01  5.6762550826E-02
 S6         2.7755537713E+01  6.2207897908E+01  1.3144659398E+00
 O7         3.9025546839E+01  5.0943313523E+01  1.3213710567E+00
 O8         5.5386623888E+01  3.4606548064E+01  6.0479983917E-01
 O9         4.2343632164E+01  2.7856590076E+01  3.4937418662E+01
 O10        4.2430773590E+01  2.7822064373E+01  3.4875340327E+01
 H11        4.2201459284E+01  4.1891480217E+01  1.8711403469E+01
 H12        3.5755866401E+01  4.2166209297E+01  2.7129124203E+01
 H13        2.7495434119E+01  5.5149526767E+01  1.9678343788E+01

 The Hessian:
  -1.1129440872E+06  7.2690020891E+00  2.9889094994E-01
   7.2690020891E+00 -1.1129556708E+06 -2.9654697533E-01
   2.9889094994E-01 -2.9654697533E-01 -1.1129418352E+06

 Eigenvalues of the Hessian: 
  -1.1129591823E+06 -1.1129418419E+06 -1.1129405690E+06

 Eigenvectors of the Hessian:
  -4.3411791639E-01 -9.0187678373E-02  8.9633019437E-01
   9.0056558331E-01 -6.8711890175E-02  4.2925552566E-01
   2.2874982588E-02  9.9355163873E-01  1.1104898178E-01

 The stress tensor:
  -2.7828024505E+05 -1.9780889125E+00 -7.9300765013E-02
  -1.9780889125E+00 -2.7827741466E+05  7.8164573294E-02
  -7.9300765013E-02  7.8164573294E-02 -2.7828094743E+05

 Eigenvalues of the stress tensor:
  -2.7828126589E+05 -2.7828094606E+05 -2.7827639519E+05

 Eigenvectors of the stress tensor:
   8.8509135336E-01 -8.6717939675E-02 -4.5726720323E-01
   4.5238574737E-01 -7.0569822586E-02  8.8902589148E-01
   1.0936375903E-01  9.9373029494E-01  2.3230779829E-02

 Minus divergence of the stress tensor: 
  -1.1522344280E+05  1.4215938659E+05  4.2200881261E+03

 Values: 
 Rho(r)                   2.9817954261E+02
 |Grad(Rho(r))|           1.4067324643E-10
 Grad(Rho(r))x           -1.2626066859E-10
 Grad(Rho(r))y           -6.2025495851E-11
 Grad(Rho(r))z           -2.0902723996E-13
 DelSq(Rho(r))           -3.3388415932E+06
 G(r)                     6.4104413565E+01
 K(r)                     8.3477450272E+05
 L(r)                     8.3471039831E+05
 Vnuc(r)                  1.3363061259E+06
 V(r)                    -8.3483860714E+05
 Ven(r)                  -3.9845914942E+08
 Vrep(r)                  3.9762431081E+08
 DelSq(V(r))              9.3348404591E+10
 DelSq(Ven(r))            4.4617144730E+12
 DelSq(Vrep(r))          -4.3683660704E+12
 DelSq(G(r))              3.1160352260E+09
 DelSq(K(r))             -9.6464439817E+10

 New critical point found: CP# 8     

 Number of Newton-Raphson Iterations:     2

 Coordinates of critical point and distance from molecular origin:
          X =   3.9134490079E+00
          Y =   2.6862693548E+00
          Z =  -1.1553868519E-01
          R =   4.7481022916E+00

 Vectors and distances from nuclei to critical point:
 Nucleus           X                 Y                 Z                Dist  
 C1         1.0528571896E+00 -3.1145662380E+00  3.6498540016E+00  4.9122770021E+00
 S2         1.3274154982E+00 -2.5611599424E+00  2.7597477329E-01  2.8978844406E+00
 O3         4.1672203292E+00 -2.0530692793E+00  2.4180195027E-03  4.6455166111E+00
 Np4        3.9134490079E+00  2.6862693548E+00 -1.1553868519E-01  4.7481022916E+00
 O5         3.6768363998E+00  7.4953766774E+00 -1.0556093126E-01  8.3493077891E+00
 S6         6.5236143202E+00  7.9869700315E+00 -3.4639509800E-02  1.0312634677E+01
 O7         7.8694016771E+00  5.4305107356E+00 -1.0093110225E-01  9.5618050959E+00
 O8        -3.7207321202E-06  4.7714729359E-06 -8.2993681268E-07  6.1073395682E-06
 O9         3.9134490079E+00  2.6862693548E+00 -3.4643223505E+00  5.8764492283E+00
 O10        3.9198929740E+00  2.6984202938E+00  3.2461896041E+00  5.7606232263E+00
 H11       -9.4452663231E-01 -3.3306942149E+00  4.1083204567E+00  5.3725181700E+00
 H12        1.8652882450E+00 -1.4670274136E+00  4.5845125428E+00  5.1622887292E+00
 H13        2.0965718254E+00 -4.8308532988E+00  4.1096621622E+00  6.6799760555E+00

 Angles of vectors with respect to YZ/XZ/XY planes:
 Nucleus        YZ Angle          XZ Angle          XY Angle
 C1         1.2376328653E+01  3.9348610135E+01  4.7988161454E+01
 S2         2.7262228215E+01  6.2104617535E+01  5.4647413434E+00
 O3         6.3771846087E+01  2.6228134335E+01  2.9822801227E-02
 Np4        5.5508811806E+01  3.4454834972E+01  1.3943533860E+00
 O5         2.6127886355E+01  6.3860533332E+01  7.2441418356E-01
 S6         3.9241071245E+01  5.0758269034E+01  1.9245338463E-01
 O7         5.5386623361E+01  3.4606548460E+01  6.0480563226E-01
 O8         3.7533346559E+01  5.1376878951E+01  7.8101862620E+00
 O9         4.1755609444E+01  2.7201716648E+01  3.6123412043E+01
 O10        4.2879861402E+01  2.7932112401E+01  3.4299137445E+01
 H11        1.0125627511E+01  3.8312504713E+01  4.9879578763E+01
 H12        2.1181880013E+01  1.6509934440E+01  6.2632653550E+01
 H13        1.8291957434E+01  4.6318005516E+01  3.7967986971E+01

 The Hessian:
  -1.1127046784E+06  7.1934411236E+00  4.7149230162E-01
   7.1934411236E+00 -1.1127181601E+06  3.4104375820E+00
   4.7149230162E-01  3.4104375820E+00 -1.1126963908E+06

 Eigenvalues of the Hessian: 
  -1.1127216226E+06 -1.1127020819E+06 -1.1126955247E+06

 Eigenvectors of the Hessian:
  -3.8536775727E-01  8.9716330040E-01  2.1584648263E-01
   9.1537625120E-01  3.4213924971E-01  2.1219578822E-01
  -1.1652472007E-01 -2.7935415912E-01  9.5309141398E-01

 The stress tensor:
  -2.7821987668E+05 -1.9697935507E+00 -8.0473923157E-02
  -1.9697935507E+00 -2.7821655506E+05 -8.7099812720E-01
  -8.0473923157E-02 -8.7099812720E-01 -2.7822205810E+05

 Eigenvalues of the stress tensor:
  -2.7822227489E+05 -2.7822066390E+05 -2.7821555105E+05

 Eigenvectors of the stress tensor:
   2.1079700739E-01  8.8746486504E-01 -4.0984232943E-01
   2.1771084267E-01  3.6611064777E-01  9.0474581103E-01
   9.5297775979E-01 -2.7994482832E-01 -1.1603569469E-01

 Minus divergence of the stress tensor: 
   1.1370952082E+05 -1.4586855534E+05  2.5384407925E+04

 Values: 
 Rho(r)                   2.9810773007E+02
 |Grad(Rho(r))|           1.4801676054E-10
 Grad(Rho(r))x            3.7809699815E-11
 Grad(Rho(r))y            1.4301182460E-10
 Grad(Rho(r))z           -5.1967319337E-12
 DelSq(Rho(r))           -3.3381192292E+06
 G(r)                     6.4341267572E+01
 K(r)                     8.3459414857E+05
 L(r)                     8.3452980731E+05
 Vnuc(r)                  1.3099340062E+06
 V(r)                    -8.3465848984E+05
 Ven(r)                  -3.9050145311E+08
 Vrep(r)                  3.8966679462E+08
 DelSq(V(r))              9.3328472856E+10
 DelSq(Ven(r))            4.3727158907E+12
 DelSq(Vrep(r))          -4.2793874178E+12
 DelSq(G(r))              3.1154409268E+09
 DelSq(K(r))             -9.6443913783E+10

 New critical point found: CP# 9     

 Number of Newton-Raphson Iterations:     2

 Coordinates of critical point and distance from molecular origin:
          X =  -6.0413563140E-09
          Y =  -1.1211278966E-08
          Z =   3.3487807824E+00
          R =   3.3487807824E+00

 Vectors and distances from nuclei to critical point:
 Nucleus           X                 Y                 Z                Dist  
 C1        -2.8605918244E+00 -5.8008356040E+00  7.1141734692E+00  9.6147877480E+00
 S2        -2.5860335157E+00 -5.2474293084E+00  3.7402942409E+00  6.9435498630E+00
 O3         2.5377131523E-01 -4.7393386453E+00  3.4667374871E+00  5.8774143533E+00
 Np4       -6.0413563140E-09 -1.1211278966E-08  3.3487807824E+00  3.3487807824E+00
 O5        -2.3661261410E-01  4.8091073114E+00  3.3587585363E+00  5.8706692606E+00
 S6         2.6101653063E+00  5.3007006655E+00  3.4296799578E+00  6.8317710064E+00
 O7         3.9559526631E+00  2.7442413696E+00  3.3633883653E+00  5.8730574204E+00
 O8        -3.9134527347E+00 -2.6862645945E+00  3.4643186377E+00  5.8764473453E+00
 O9        -6.0413563140E-09 -1.1211278966E-08 -2.8829377046E-06  2.8829658339E-06
 O10        6.4439600434E-03  1.2150927770E-02  6.7105090717E+00  6.7105231667E+00
 H11       -4.8579756462E+00 -6.0169635809E+00  7.5726399242E+00  1.0823523157E+01
 H12       -2.0481607689E+00 -4.1532967796E+00  8.0488320104E+00  9.2859320160E+00
 H13       -1.8168771885E+00 -7.5171226649E+00  7.5739816298E+00  1.0824665057E+01

 Angles of vectors with respect to YZ/XZ/XY planes:
 Nucleus        YZ Angle          XZ Angle          XY Angle
 C1         1.7308710385E+01  3.7108359805E+01  4.7724598752E+01
 S2         2.1865979976E+01  4.9088949165E+01  3.2593265645E+01
 O3         2.4746505925E+00  5.3742244820E+01  3.6145696044E+01
 Np4        0.0000000000E+00  0.0000000000E+00  8.9999999782E+01
