AIMSum (Version 17.11.14, Professional)
Copyright (c) 1997-2017 by Todd A. Keith
AIMSum is a component of the AIMAll package ( http://aim.tkgristmill.com )

TP:  64-bit Linux

Much of the Quantum Theory of Atoms in Molecules (QTAIM) is described in the book:
  "Atoms in Molecules - A Quantum Theory"
  R.F.W. Bader, Oxford University Press, Oxford, 1990

For additional references see:  http://aim.tkgristmill.com/references.html

Wfn File:  /home/vallet/John-methylsulfonyl/NpO2_CH3SO2_O2-m1/doublet-geom/optg-freq-pbe0-superoxo/SO-XMS/NaturalOrbitals-openmolcas/Plotting/NpO2_CH3SO2_O2-m1-doublet.dump_SOOrb.VTZ.SOOrb.1.wfn
Sum File:  /home/vallet/John-methylsulfonyl/NpO2_CH3SO2_O2-m1/doublet-geom/optg-freq-pbe0-superoxo/SO-XMS/NaturalOrbitals-openmolcas/Plotting/NpO2_CH3SO2_O2-m1-doublet.dump_SOOrb.VTZ.SOOrb.1.sum

SumViz File:  /home/vallet/John-methylsulfonyl/NpO2_CH3SO2_O2-m1/doublet-geom/optg-freq-pbe0-superoxo/SO-XMS/NaturalOrbitals-openmolcas/Plotting/NpO2_CH3SO2_O2-m1-doublet.dump_SOOrb.VTZ.SOOrb.1.sumviz

Wfn Title:   Molden2AIM, Version 4.2.1 (05/11/2018)           Time: Sat Dec 15 02:02:45 201
 
Total memory allocated for AIMSum =        3.705 Megabytes

Atomic units (a.u.) used throughout, except where stated otherwise

Model:  Unknown
 
Restricted, natural orbital wavefunction.
  Number of electrons (from MO Occs)                   =         167.0000000000
  Number of Alpha electrons (from MO Occs)             =          83.5000000000
  Number of Beta electrons (from MO Occs)              =          83.5000000000
  Number of electron pairs (N*(N-1)/2)                 =       13861.0000000000
  Number of electron pairs (from Muller 2EDM)          =       13861.0000000000
  Number of electron pairs (from Muller 2EDM, no SOSI) =       13861.9898713154
 
Nuclear Charges and Cartesian Coordinates:
-------------------------------------------------------------------------------
Atom      Charge                X                  Y                  Z
-------------------------------------------------------------------------------
C1         6.0          -5.4307138400E+00   3.6159720400E+00  -3.7234029700E+00
S2        16.0          -4.9047274700E+00   3.2798275600E+00  -3.4750174000E-01
O3         8.0          -4.7710671400E+00   3.9911016000E-01  -7.3982780000E-02
Np4       93.0           0.0000000000E+00   0.0000000000E+00   0.0000000000E+00
O5         8.0           4.0084492600E+00  -1.9579830300E+00  -6.0527930000E-02
O6         8.0          -2.2020789600E+00   4.2832532400E+00  -8.4565240000E-02
O7         8.0           0.0000000000E+00   0.0000000000E+00   3.3544717400E+00
O8         8.0           5.1306060000E-02   8.7059680000E-02  -3.3622007200E+00
H9         1.0          -5.3956783100E+00   5.6233525200E+00  -4.1883889800E+00
H10        1.0          -3.8980892600E+00   2.6014347800E+00  -4.6571922400E+00
H11        1.0          -7.2646741400E+00   2.7931474900E+00  -4.1779199000E+00
O12        8.0           2.3373077600E+00  -3.7837797200E+00  -1.2986198000E-01
 
Molecular charge q(Mol) from the wfn file:  -1.0000000000E+00
Molecular energy E(Mol) from the wfn file:   0.0000000000E+00
Molecular virial ratio (-V(Mol)/T(Mol)) from the wfn file:   2.0000000000E+00
 
Electron Density Critical Point Analysis of Molecular Structure:               
---------------------------------------------------------------                
  NACP = Nuclear Attractor Critical Point                                      
  NNACP = Non-Nuclear Attractor Critical Point                                 
  BCP = Bond Critical Point                                                    
  RCP = Ring Critical Point                                                    
  CCP = Cage Critical Point                                                    
  Rho = Electron Density                                                       
  GradRho = Gradient of Electron Density                                       
  HessRho_EigVals = Eigenvalues of the Hessian of Rho, Ascending Order         
  HessRho_EigVecs = Eigenvectors of the Hessian of Rho                         
  DelSqRho = Laplacian of Rho = Trace of Hessian of Rho                        
  Bond Ellipticity = (HessRho_EigVal(1) / HessRho_EigVal(2)) - 1               
  V = Virial Field = Potential Energy Density = Trace of Stress Tensor         
  G = Lagrangian Form of Kinetic Energy Density                                
  K = Hamiltonian Form of Kinetic Energy Density                               
  L = K - G = Lagrangian Density = (-1/4)DelSqRho                              
  Vnuc = Electrostatic Potential from Nuclei                                   
  Ven = Electron-nuclear attractive contribution to Virial Field V             
  Vrep = V - Ven = Repulsive contribution to Virial Field V                    
  DelSqV = Laplacian of V                                                      
  DelSqVen = Laplacian of Ven                                                  
  DelSqVrep = Laplacian of Vrep                                                
  DelSqG = Laplacian of G                                                      
  DelSqK = Laplacian of K                                                      
  Stress_EigVals = Eigenvalues of Stress Tensor, Ascending Order               
  Stress_EigVecs = Eigenvectors of Stress Tensor                               
  -DivStress = Ehrenfest Force Density = Minus Divergence of Stress Tensor     
  ESP = Total Electrostatic Potential                                          
  ESPe = Electrostatic Potential from Electrons                                
  ESPn = Electrostatic Potential from Nuclei                                   
  BP = Bond Path                                                               
  BPL = Bond Path Length                                                       
  GBL = Geometric Bond Length                                                  
  GBL_I = Distance Between Nuclear Attractors                                  
  GBL_II = Distance Between Nuclei                                             
  GBL_III = Sum of Distances Between BCP and Nuclear Attractors                
  GBL_IV = Sum of Distances Between BCP and Nuclei                             

CP# 1      Coords = -5.43071402002162E+00  3.61597216123449E+00 -3.72340266630689E+00
           Type = (3,-3) NACP C1
           Rho =  1.3194469931E+02     Rho at Nucleus =  1.3194469923E+02
           GradRho = -1.2664690408E-09  5.4652304904E-10  1.8309331828E-09
           HessRho_EigVals = -1.1520086476E+06 -1.1520074582E+06 -1.1520068637E+06
           HessRho_EigVec1 =  1.9722932404E-01 -1.2761458283E-01  9.7201600398E-01
           HessRho_EigVec2 =  5.4870294754E-01  8.3601590276E-01 -1.5766106411E-03
           HessRho_EigVec3 =  8.1241963855E-01 -5.3365900029E-01 -2.3490934913E-01
           DelSqRho = -3.4560229695E+06
           Bond Ellipticity = NA
           V = -8.6402414490E+05
           G =  9.2012541586E+00
           K =  8.6401494364E+05
           L =  8.6400574239E+05
           Vnuc =  1.6073915556E+07
           Ven = -2.1208679548E+09
           Vrep =  2.1200039306E+09
           DelSqV =  3.5683324514E+11
           DelSqVen =  5.5551834718E+13
           DelSqVrep = -5.5195001473E+13
           DelSqG =  7.5438625086E+09
           DelSqK = -3.6437710765E+11
           Stress_EigVals = -2.8800827552E+05 -2.8800811839E+05 -2.8800775098E+05
           Stress_EigVec1 =  8.1902811444E-01 -5.3626633308E-01 -2.0398864617E-01
           Stress_EigVec2 =  5.4745421255E-01  8.3683350704E-01 -1.8885598390E-03
           Stress_EigVec3 =  1.7171730523E-01 -1.1012766006E-01  9.7897143246E-01
           -DivStress =  2.1164318771E+04 -1.4253637420E+04 -3.5827992151E+04
           ESP =  -1.4860319753E+01     ESP at Nucleus =  -1.4860319752E+01
           ESPe = -4.0070649181E+01     ESPe at Nucleus = -4.0070648910E+01
           ESPn =  2.5210329428E+01     ESPn at Nucleus =  2.5210329158E+01

CP# 2      Coords = -4.90472739783433E+00  3.27982751209791E+00 -3.47501789446592E-01
           Type = (3,-3) NACP S2
           Rho =  3.4621729481E+03     Rho at Nucleus =  3.4621729460E+03
           GradRho = -1.8148182335E-07 -2.9775776511E-08  2.7457787155E-09
           HessRho_EigVals = -4.1320567037E+08 -4.1320564853E+08 -4.1320537782E+08
           HessRho_EigVec1 =  5.4006727290E-01  8.4145362937E-01 -1.6826478096E-02
           HessRho_EigVec2 =  5.1074616139E-01 -3.1178885504E-01  8.0120288848E-01
           HessRho_EigVec3 =  6.6892877003E-01 -4.4129751811E-01 -5.9815616785E-01
           DelSqRho = -1.2396166967E+09
           Bond Ellipticity = NA
           V = -3.0992644989E+08
           G =  1.1137854069E+04
           K =  3.0991531203E+08
           L =  3.0990417418E+08
           Vnuc =  1.6042201003E+08
           Ven = -5.5540874342E+11
           Vrep =  5.5509881697E+11
           DelSqV =  9.5652537581E+14
           DelSqVen =  1.9886182194E+17
           DelSqVrep = -1.9790529656E+17
           DelSqG =  3.6989257957E+13
           DelSqK = -9.9351463377E+14
           Stress_EigVals = -1.0330886244E+08 -1.0330879634E+08 -1.0330879110E+08
           Stress_EigVec1 =  6.6674968147E-01 -4.3983287886E-01 -6.0165762767E-01
           Stress_EigVec2 =  5.1408027949E-01 -3.1307348400E-01  7.9856525084E-01
           Stress_EigVec3 =  5.3959830291E-01  8.4174344802E-01 -1.7367763559E-02
           -DivStress = -2.2573665280E+07  1.4983809702E+07  1.5470518518E+07
           ESP =  -5.9708569128E+01     ESP at Nucleus =  -5.9708569134E+01
           ESPe = -8.7302189898E+01     ESPe at Nucleus = -8.7302189533E+01
           ESPn =  2.7593620770E+01     ESPn at Nucleus =  2.7593620399E+01

CP# 3      Coords = -4.77106698121545E+00  3.99111322389039E-01 -7.39829375349058E-02
           Type = (3,-3) NACP O3
           Rho =  3.3891948321E+02     Rho at Nucleus =  3.3891947822E+02
           GradRho = -2.8910838168E-09 -4.3257841753E-11 -2.4385216069E-11
           HessRho_EigVals = -7.1297086526E+06 -7.1296768758E+06 -7.1296683236E+06
           HessRho_EigVec1 = -1.0317794436E-01  9.8852995676E-01 -1.1028525004E-01
           HessRho_EigVec2 =  9.4627149840E-01  1.3171593148E-01  2.9533229540E-01
           HessRho_EigVec3 = -3.0647114564E-01  7.3888009667E-02  9.4900790245E-01
           DelSqRho = -2.1389053852E+07
           Bond Ellipticity = NA
           V = -5.3474363734E+06
           G =  8.6455218230E+01
           K =  5.3473499182E+06
           L =  5.3472634630E+06
           Vnuc =  6.7584241409E+06
           Ven = -2.2905616172E+09
           Vrep =  2.2852141808E+09
           DelSqV =  4.7481703835E+12
           DelSqVen =  1.4455629729E+14
           DelSqVrep = -1.3980812691E+14
           DelSqG =  1.1249199794E+11
           DelSqK = -4.8606623815E+12
           Stress_EigVals = -1.7824830668E+06 -1.7824808955E+06 -1.7824724111E+06
           Stress_EigVec1 = -3.0004451280E-01  8.3239608552E-02  9.5028651359E-01
           Stress_EigVec2 =  9.5071144810E-01  1.0779675881E-01  2.9073630879E-01
           Stress_EigVec3 = -7.8237029573E-02  9.9068210156E-01 -1.1148067476E-01
           -DivStress = -2.4777706337E+05 -1.8137444564E+06  2.4562068884E+05
           ESP =  -2.2563714272E+01     ESP at Nucleus =  -2.2563714316E+01
           ESPe = -5.5556619847E+01     ESPe at Nucleus = -5.5556616804E+01
           ESPn =  3.2992905575E+01     ESPn at Nucleus =  3.2992902487E+01

CP# 4      Coords =  2.48596457200908E-13  1.06340260228223E-11  2.42541576288739E-12
           Type = (3,-3) NACP Np4
           Rho =  2.8700835421E+07     Rho at Nucleus =  2.8700835421E+07
           GradRho = -1.7881393433E-07  2.3841857910E-07 -1.1920928955E-06
           HessRho_EigVals = -2.2144880300E+15 -2.2144879977E+15 -2.2144879698E+15
           HessRho_EigVec1 = -5.3326639093E-03 -1.5034812654E-02  9.9987275046E-01
           HessRho_EigVec2 =  6.3742664690E-01  7.7036534704E-01  1.4983387372E-02
           HessRho_EigVec3 =  7.7049259083E-01 -6.3742543602E-01 -5.4754907336E-03
           DelSqRho = -6.6434639975E+15
           Bond Ellipticity = NA
           V = -1.6612805360E+15
           G =  2.0726831866E+11
           K =  1.6610732677E+15
           L =  1.6608659994E+15
           Vnuc =  9.3000000156E+09
           Ven = -2.6691776986E+17
           Vrep =  2.6525648933E+17
           DelSqV =  8.8858483961E+23
           DelSqVen =  8.0075236132E+33
           DelSqVrep = -8.0075236123E+33
           DelSqG =  1.2811379762E+23
           DelSqK = -1.0166986372E+24
           Stress_EigVals = -5.5376018596E+14 -5.5376017895E+14 -5.5376017111E+14
           Stress_EigVec1 =  7.7043748044E-01 -6.3749181920E-01 -5.5017440081E-03
           Stress_EigVec2 =  6.3749337204E-01  7.7030997790E-01  1.4991282633E-02
           Stress_EigVec3 = -5.3187717324E-03 -1.5057171360E-02  9.9987248800E-01
           -DivStress = -4.5638581263E+10 -1.9779492375E+12 -4.5124897592E+11
           ESP =  -8.4737064747E+02     ESP at Nucleus =  -8.4737064747E+02
           ESPe = -8.6293985568E+02     ESPe at Nucleus = -8.6293985568E+02
           ESPn =  1.5569208204E+01     ESPn at Nucleus =  1.5569208204E+01

CP# 5      Coords =  4.00844814152419E+00 -1.95798384048967E+00 -6.05279599231753E-02
           Type = (3,-3) NACP O5
           Rho =  3.3940272900E+02     Rho at Nucleus =  3.3940272219E+02
           GradRho =  2.4934623255E-09 -1.8811707747E-10 -6.5178140662E-12
           HessRho_EigVals = -7.1390117346E+06 -7.1389893461E+06 -7.1389454562E+06
           HessRho_EigVec1 =  6.3695972964E-01  7.7032822788E-01  2.9609527895E-02
           HessRho_EigVec2 = -7.2315289605E-04 -3.7812097580E-02  9.9928460527E-01
           HessRho_EigVec3 =  7.7089673749E-01 -6.3652546422E-01 -2.3527718363E-02
           DelSqRho = -2.1416946537E+07
           Bond Ellipticity = NA
           V = -5.3544052877E+06
           G =  8.4326742858E+01
           K =  5.3543209610E+06
           L =  5.3542366342E+06
           Vnuc =  5.7904819700E+06
           Ven = -1.9653053828E+09
           Vrep =  1.9599509775E+09
           DelSqV =  4.7543432540E+12
           DelSqVen =  1.2401444258E+14
           DelSqVrep = -1.1926009945E+14
           DelSqG =  1.1262466006E+11
           DelSqK = -4.8669679141E+12
           Stress_EigVals = -1.7848112527E+06 -1.7848003467E+06 -1.7847936883E+06
           Stress_EigVec1 =  7.5940544808E-01 -6.5017345010E-01 -2.4038515079E-02
           Stress_EigVec2 = -5.4034938776E-04 -3.7577476968E-02  9.9929357110E-01
           Stress_EigVec3 =  6.5061745553E-01  7.5885599293E-01  2.8887861560E-02
           -DivStress =  1.7485389202E+06  1.2673322811E+06  4.6796284030E+04
           ESP =  -2.2477865608E+01     ESP at Nucleus =  -2.2477865673E+01
           ESPe = -5.3529049316E+01     ESPe at Nucleus = -5.3529044100E+01
           ESPn =  3.1051183709E+01     ESPn at Nucleus =  3.1051178426E+01

CP# 6      Coords = -2.20207997662815E+00  4.28325265002678E+00 -8.45653854109071E-02
           Type = (3,-3) NACP O6
           Rho =  3.3892151482E+02     Rho at Nucleus =  3.3892150981E+02
           GradRho =  9.9511154872E-10 -1.6961640287E-09 -1.9695356457E-12
           HessRho_EigVals = -7.1297623355E+06 -7.1297304611E+06 -7.1297219033E+06
           HessRho_EigVec1 =  9.4892045255E-01  2.9624902333E-01  1.0856560648E-01
           HessRho_EigVec2 = -2.4894550138E-01  9.1439215511E-01 -3.1923834986E-01
           HessRho_EigVec3 = -1.9384558824E-01  2.7590488008E-01  9.4143527928E-01
           DelSqRho = -2.1389214700E+07
           Bond Ellipticity = NA
           V = -5.3474766146E+06
           G =  8.6469803825E+01
           K =  5.3473901448E+06
           L =  5.3473036750E+06
           Vnuc =  6.7546468930E+06
           Ven = -2.2892951570E+09
           Vrep =  2.2839476804E+09
           DelSqV =  4.7482064207E+12
           DelSqVen =  1.4447659319E+14
           DelSqVrep = -1.3972838677E+14
           DelSqG =  1.1249302038E+11
           DelSqK = -4.8606994411E+12
           Stress_EigVals = -1.7824964930E+06 -1.7824943213E+06 -1.7824858003E+06
           Stress_EigVec1 = -1.9956279917E-01  2.6742069979E-01  9.4268810245E-01
           Stress_EigVec2 = -2.7105533343E-01  9.0943479021E-01 -3.1536862331E-01
           Stress_EigVec3 =  9.4164945463E-01  3.1845648317E-01  1.0900354546E-01
           -DivStress =  1.5863153547E+06  9.2057565680E+05  2.2670778518E+05
           ESP =  -2.2564767573E+01     ESP at Nucleus =  -2.2564767617E+01
           ESPe = -5.5376727094E+01     ESPe at Nucleus = -5.5376724023E+01
           ESPn =  3.2811959521E+01     ESPn at Nucleus =  3.2811956406E+01

CP# 7      Coords =  8.42654718654706E-09  3.78222557270995E-09  3.35447118622053E+00
           Type = (3,-3) NACP O7
           Rho =  3.3939528171E+02     Rho at Nucleus =  3.3939528061E+02
           GradRho = -2.2204460493E-16  3.3306690739E-16  2.7502711220E-10
           HessRho_EigVals = -7.1397808790E+06 -7.1397768931E+06 -7.1397732608E+06
           HessRho_EigVec1 =  7.8298460357E-02  1.0879760434E-01  9.9097549536E-01
           HessRho_EigVec2 =  6.5668222562E-01  7.4227924174E-01 -1.3337909068E-01
           HessRho_EigVec3 =  7.5009186481E-01 -6.6119937127E-01  1.3326131176E-02
           DelSqRho = -2.1419331033E+07
           Bond Ellipticity = NA
           V = -5.3550046108E+06
           G =  8.5926261449E+01
           K =  5.3549186845E+06
           L =  5.3548327583E+06
           Vnuc =  1.4444212578E+07
           Ven = -4.9022975968E+09
           Vrep =  4.8969425922E+09
           DelSqV =  4.7548854572E+12
           DelSqVen =  3.0938537289E+14
           DelSqVrep = -3.0463048744E+14
           DelSqG =  1.1265230611E+11
           DelSqK = -4.8675377633E+12
           Stress_EigVals = -1.7850024837E+06 -1.7850015661E+06 -1.7850005610E+06
           Stress_EigVec1 =  7.4979348211E-01 -6.6153714184E-01  1.3354555679E-02
           Stress_EigVec2 =  6.5753373967E-01  7.4269865093E-01 -1.2668107638E-01
           Stress_EigVec3 =  7.3885826708E-02  1.0376571631E-01  9.9185359844E-01
           -DivStress = -1.3155836784E+04 -5.8535735885E+03  8.6479866162E+05
           ESP =  -2.2597675096E+01     ESP at Nucleus =  -2.2597675106E+01
           ESPe = -6.0275676815E+01     ESPe at Nucleus = -6.0275671698E+01
           ESPn =  3.7678001720E+01     ESPn at Nucleus =  3.7677996592E+01

CP# 8      Coords =  5.13060443349634E-02  8.70596786127092E-02 -3.36220017676175E+00
           Type = (3,-3) NACP O8
           Rho =  3.3936266685E+02     Rho at Nucleus =  3.3936266580E+02
           GradRho =  1.0962342145E-12  3.4252989334E-11  1.0515743831E-09
           HessRho_EigVals = -7.1390788474E+06 -7.1390751791E+06 -7.1390714306E+06
           HessRho_EigVec1 = -9.6481865456E-02 -1.3616295840E-01  9.8597712874E-01
           HessRho_EigVec2 =  6.8132022778E-01  7.1311157771E-01  1.6515031017E-01
           HessRho_EigVec3 =  7.2559906068E-01 -6.8770017194E-01 -2.3968242533E-02
           DelSqRho = -2.1417225457E+07
           Bond Ellipticity = NA
           V = -5.3544785229E+06
           G =  8.6079281533E+01
           K =  5.3543924436E+06
           L =  5.3543063643E+06
           Vnuc =  1.4720374911E+07
           Ven = -4.9955456870E+09
           Vrep =  4.9901912084E+09
           DelSqV =  4.7544184706E+12
           DelSqVen =  3.1526957456E+14
           DelSqVrep = -3.1051515609E+14
           DelSqG =  1.1264097851E+11
           DelSqK = -4.8670594491E+12
           Stress_EigVals = -1.7848271090E+06 -1.7848261675E+06 -1.7848252464E+06
           Stress_EigVec1 =  7.2524530528E-01 -6.8827616425E-01 -1.7180480282E-02
           Stress_EigVec2 =  6.8130619203E-01  7.1385840581E-01  1.6195076152E-01
           Stress_EigVec3 = -9.9202418671E-02 -1.2915919708E-01  9.8664926997E-01
           -DivStress =  2.4416393244E+04  2.2475358597E+03 -8.4826881612E+05
           ESP =  -2.2597000744E+01     ESP at Nucleus =  -2.2597000753E+01
           ESPe = -6.0872597296E+01     ESPe at Nucleus = -6.0872592347E+01
           ESPn =  3.8275596552E+01     ESPn at Nucleus =  3.8275591594E+01

CP# 9      Coords = -5.39600166664353E+00  5.61103258700151E+00 -4.18539281406611E+00
           Type = (3,-3) NACP H9
           Rho =  4.5788539798E-01     Rho at Nucleus =  4.5613802644E-01
           GradRho =  5.0601883794E-15  5.4123372450E-16  9.4391725339E-15
           HessRho_EigVals = -2.2376655283E+01 -2.2370350572E+01 -2.1025471266E+01
           HessRho_EigVec1 =  9.9098843423E-01  7.9838955143E-03  1.3370931392E-01
           HessRho_EigVec2 = -1.3179214854E-01  2.3646840416E-01  9.6265960932E-01
           HessRho_EigVec3 =  2.3932254347E-02  9.7160637670E-01 -2.3538966833E-01
           DelSqRho = -6.5772477120E+01
           Bond Ellipticity = NA
           V = -1.6458916540E+01
           G =  7.8986299499E-03
           K =  1.6451017910E+01
           L =  1.6443119280E+01
           Vnuc =  1.0213422813E+02
           Ven = -4.6765771693E+01
           Vrep =  3.0306855153E+01
           DelSqV =  2.2054318412E+04
           DelSqVen =  6.7176211827E+03
           DelSqVrep =  1.5336697229E+04
           DelSqG =  7.8878834256E+02
           DelSqK = -2.2843106754E+04
           Stress_EigVals = -5.6007287742E+00 -5.5991414057E+00 -5.2590463600E+00
           Stress_EigVec1 =  9.9875376020E-01 -1.3352537258E-02  4.8089876550E-02
           Stress_EigVec2 = -4.3618110110E-02  2.3477792581E-01  9.7106991820E-01
           Stress_EigVec3 =  2.4256688732E-02  9.7195732175E-01 -2.3390292377E-01
           -DivStress =  2.3941486447E+00  9.1034799405E+01 -2.2137067650E+01
           ESP =  -1.2105723963E+00     ESP at Nucleus =  -1.2107209780E+00
           ESPe = -2.4500040165E+01     ESPe at Nucleus = -2.4456562128E+01
           ESPn =  2.3289467769E+01     ESPn at Nucleus =  2.3245841150E+01

CP# 10     Coords = -3.90819395086169E+00  2.60811524810490E+00 -4.65123453042550E+00
           Type = (3,-3) NACP H10
           Rho =  4.4615155723E-01     Rho at Nucleus =  4.4423282184E-01
           GradRho = -1.5262685213E-11  1.0090747682E-11  9.0039538325E-12
           HessRho_EigVals = -2.1740651743E+01 -2.1734814350E+01 -2.0289917142E+01
           HessRho_EigVec1 = -5.6124108400E-01 -8.2732049533E-01 -2.3435947420E-02
           HessRho_EigVec2 =  3.5774063948E-01 -2.6802539634E-01  8.9453005638E-01
           HessRho_EigVec3 =  7.4634447843E-01 -4.9366302770E-01 -4.4639302704E-01
           DelSqRho = -6.3765383235E+01
           Bond Ellipticity = NA
           V = -1.5956789136E+01
           G =  7.7216638281E-03
           K =  1.5949067473E+01
           L =  1.5941345809E+01
           Vnuc =  1.0243487089E+02
           Ven = -4.5701477162E+01
           Vrep =  2.9744688026E+01
           DelSqV =  2.1284329126E+04
           DelSqVen =  6.5317987992E+03
           DelSqVrep =  1.4752530327E+04
           DelSqG =  7.6103646071E+02
           DelSqK = -2.2045365587E+04
           Stress_EigVals = -5.4411850184E+00 -5.4402979510E+00 -5.0753061670E+00
           Stress_EigVec1 = -5.6881159745E-01 -8.2134892052E-01 -4.2887263529E-02
           Stress_EigVec2 =  3.4415838402E-01 -2.8505303329E-01  8.9459475458E-01
           Stress_EigVec3 =  7.4699958054E-01 -4.9409586011E-01 -4.4481558842E-01
           -DivStress =  7.2340580980E+01 -4.7826185182E+01 -4.2645092284E+01
           ESP =  -1.2182630114E+00     ESP at Nucleus =  -1.2184056062E+00
           ESPe = -2.9574534672E+01     ESPe at Nucleus = -2.9558008245E+01
           ESPn =  2.8356271661E+01     ESPn at Nucleus =  2.8339602639E+01

CP# 11     Coords = -7.25345700866957E+00  2.79830077043967E+00 -4.17498845458091E+00
           Type = (3,-3) NACP H11
           Rho =  4.5785078563E-01     Rho at Nucleus =  4.5610238963E-01
           GradRho =  8.4150731045E-09  3.8650224974E-09  2.1983646258E-09
           HessRho_EigVals = -2.2374594783E+01 -2.2368300015E+01 -2.1022753035E+01
           HessRho_EigVec1 = -3.8267932081E-01  9.1383890120E-01 -1.3584918140E-01
           HessRho_EigVec2 = -2.6538320478E-01  3.2115824703E-02  9.6360797445E-01
           HessRho_EigVec3 =  8.8494536105E-01  4.0480493631E-01  2.3022743427E-01
           DelSqRho = -6.5765647833E+01
           Bond Ellipticity = NA
           V = -1.6457206746E+01
           G =  7.8973940034E-03
           K =  1.6449309352E+01
           L =  1.6441411958E+01
           Vnuc =  1.0214095799E+02
           Ven = -4.6765317861E+01
           Vrep =  3.0308111115E+01
           DelSqV =  2.2051480122E+04
           DelSqVen =  6.7173663907E+03
           DelSqVrep =  1.5334113731E+04
           DelSqG =  7.8868426699E+02
           DelSqK = -2.2840164388E+04
           Stress_EigVals = -5.6002125084E+00 -5.5986281731E+00 -5.2583660648E+00
           Stress_EigVec1 = -4.0508855310E-01  9.1292168773E-01 -4.9772042492E-02
           Stress_EigVec2 = -2.2898066314E-01 -4.8600247836E-02  9.7221698803E-01
           Stress_EigVec3 =  8.8513903996E-01  4.0523080828E-01  2.2872881753E-01
           -DivStress = -8.2875142855E+01 -3.8078999368E+01 -2.1656410337E+01
           ESP =  -1.2106247346E+00     ESP at Nucleus =  -1.2107731281E+00
           ESPe = -2.4534105931E+01     ESPe at Nucleus = -2.4490742819E+01
           ESPn =  2.3323481196E+01     ESPn at Nucleus =  2.3279969691E+01

CP# 12     Coords =  2.33730850401958E+00 -3.78377847904393E+00 -1.29861928322625E-01
           Type = (3,-3) NACP O12
           Rho =  3.3931333692E+02     Rho at Nucleus =  3.3931332944E+02
           GradRho =  9.4264152040E-10 -3.5480379745E-10 -8.7316820441E-11
           HessRho_EigVals = -7.1372229743E+06 -7.1371796031E+06 -7.1371537750E+06
           HessRho_EigVec1 =  7.1240526140E-01  7.0129865317E-01  2.5669877205E-02
           HessRho_EigVec2 = -3.2980470188E-03 -3.3232649783E-02  9.9944220137E-01
           HessRho_EigVec3 = -7.0176054778E-01  7.1209254318E-01  2.1362198623E-02
           DelSqRho = -2.1411556352E+07
           Bond Ellipticity = NA
           V = -5.3530577958E+06
           G =  8.4353860919E+01
           K =  5.3529734420E+06
           L =  5.3528890881E+06
           Vnuc =  5.5255471290E+06
           Ven = -1.8748918347E+09
           Vrep =  1.8695387769E+09
           DelSqV =  4.7531501586E+12
           DelSqVen =  1.1831056361E+14
           DelSqVrep = -1.1355741345E+14
           DelSqG =  1.1259768257E+11
           DelSqK = -4.8657478412E+12
           Stress_EigVals = -1.7843608846E+06 -1.7843544934E+06 -1.7843424178E+06
           Stress_EigVec1 =  7.1509933566E-01 -6.9871995070E-01 -2.0575972252E-02
           Stress_EigVec2 = -3.9838614045E-03 -3.3508576145E-02  9.9943048992E-01
           Stress_EigVec3 =  6.9901149418E-01  7.1461010755E-01  2.6745563984E-02
           -DivStress = -1.1631082854E+06 -1.9396160305E+06 -8.0759660135E+04
           ESP =  -2.2503395270E+01     ESP at Nucleus =  -2.2503395341E+01
           ESPe = -5.3701667524E+01     ESPe at Nucleus = -5.3701662201E+01
           ESPn =  3.1198272254E+01     ESPn at Nucleus =  3.1198266860E+01

CP# 13     Coords = -2.41028661899965E+00  1.63159345555056E+00 -1.00706403323207E-01
           Type = (3,+1) RCP S2 O3 Np4 O6
           Rho =  2.4887411353E-02
           GradRho =  4.1199682554E-18 -3.8163916471E-17  1.1275702594E-17
           HessRho_EigVals = -2.1156756666E-02  5.8369505013E-02  9.4973008196E-02
           HessRho_EigVec1 = -2.6614166910E-02  1.9348607183E-02  9.9945851216E-01
           HessRho_EigVec2 =  5.5915493332E-01  8.2906237042E-01 -1.1603877474E-03
           HessRho_EigVec3 =  8.2863589511E-01 -5.5882127496E-01  3.2883673464E-02
           DelSqRho =  1.3218575654E-01
           Bond Ellipticity = NA
           V = -2.8174679229E-02
           G =  3.0610559182E-02
           K = -2.4358799535E-03
           L = -3.3046439136E-02
           Vnuc =  5.0766052917E+01
           Ven = -1.2634356417E+00
           Vrep =  1.2352609625E+00
           DelSqV = -1.6665224739E-01
           DelSqVen = -6.7105491115E+00
           DelSqVrep =  6.5438968641E+00
           DelSqG =  1.5273828953E-01
           DelSqK =  1.3913957859E-02
           Stress_EigVals = -1.1754490429E-02 -1.0659565422E-02 -5.7606233776E-03
           Stress_EigVec1 = -3.1648034299E-02  1.4267713148E-02  9.9939723548E-01
           Stress_EigVec2 =  5.5448714942E-01  8.3217291118E-01  5.6786468237E-03
           Stress_EigVec3 =  8.3159028557E-01 -5.5433264225E-01  3.4247900428E-02
           -DivStress =  4.7440062961E-03 -3.2527086277E-03  1.3155424708E-04
           ESP =   9.6019564178E-02
           ESPe = -5.0670033352E+01
           ESPn =  5.0766052917E+01
            107 sample points along path from RCP to BCP between atoms S2 and O3
            -4.8430575805E+00   2.1680872263E+00  -2.4776418000E-01   2.6618318746E-01    
            -4.8405668244E+00   2.1682224459E+00  -2.4793106260E-01   2.6618162581E-01    
            -4.8156233878E+00   2.1698490457E+00  -2.4794094885E-01   2.6599368936E-01    
            -4.7907066525E+00   2.1717574545E+00  -2.4723542328E-01   2.6549278232E-01    
            -4.7658186427E+00   2.1739098495E+00  -2.4626259655E-01   2.6468133823E-01    
            -4.7409582802E+00   2.1762951925E+00  -2.4513701517E-01   2.6356379625E-01    
            -4.7161266177E+00   2.1789163138E+00  -2.4390530866E-01   2.6214644416E-01    
            -4.6913222647E+00   2.1817542198E+00  -2.4260677033E-01   2.6043734755E-01    
            -4.6665458047E+00   2.1848058256E+00  -2.4126088045E-01   2.5844623565E-01    
            -4.6417978372E+00   2.1880659941E+00  -2.3988039306E-01   2.5618441064E-01    
            -4.6170787291E+00   2.1915281927E+00  -2.3847487082E-01   2.5366462014E-01    
            -4.5923887300E+00   2.1951852749E+00  -2.3705129081E-01   2.5090092880E-01    
            -4.5677278525E+00   2.1990290787E+00  -2.3561481998E-01   2.4790857246E-01    
            -4.5430958180E+00   2.2030503794E+00  -2.3416932220E-01   2.4470380243E-01    
            -4.5184920015E+00   2.2072387768E+00  -2.3271766639E-01   2.4130372053E-01    
            -4.4939153792E+00   2.2115825743E+00  -2.3126193873E-01   2.3772610668E-01    
            -4.4693644769E+00   2.2160686460E+00  -2.2980358981E-01   2.3398924076E-01    
            -4.4448373231E+00   2.2206822926E+00  -2.2834353816E-01   2.3011172062E-01    
            -4.4203314044E+00   2.2254070837E+00  -2.2688224386E-01   2.2611227804E-01    
            -4.3958436275E+00   2.2302246892E+00  -2.2541976135E-01   2.2200959412E-01    
            -4.3713702910E+00   2.2351147002E+00  -2.2395577763E-01   2.1782211571E-01    
            -4.3469070686E+00   2.2400544419E+00  -2.2248964027E-01   2.1356787449E-01    
            -4.3224490118E+00   2.2450187842E+00  -2.2102037889E-01   2.0926430984E-01    
            -4.2979905768E+00   2.2499799569E+00  -2.1954672297E-01   2.0492809728E-01    
            -4.2735256836E+00   2.2549073821E+00  -2.1806711867E-01   2.0057498375E-01    
            -4.2490478173E+00   2.2597675381E+00  -2.1657974767E-01   1.9621963175E-01    
            -4.2245501791E+00   2.2645238777E+00  -2.1508255044E-01   1.9187547456E-01    
            -4.2000258987E+00   2.2691368293E+00  -2.1357325717E-01   1.8755458535E-01    
            -4.1754683112E+00   2.2735639131E+00  -2.1204942919E-01   1.8326756410E-01    
            -4.1508713048E+00   2.2777600140E+00  -2.1050851361E-01   1.7902344701E-01    
            -4.1262297297E+00   2.2816778523E+00  -2.0894791337E-01   1.7482964445E-01    
            -4.1015398536E+00   2.2852686893E+00  -2.0736507354E-01   1.7069191426E-01    
            -4.0767998312E+00   2.2884832944E+00  -2.0575758277E-01   1.6661437798E-01    
            -4.0520101408E+00   2.2912731738E+00  -2.0412328614E-01   1.6259958686E-01    
            -4.0271739290E+00   2.2935920267E+00  -2.0246040238E-01   1.5864864290E-01    
            -4.0022971992E+00   2.2953973471E+00  -2.0076763540E-01   1.5476137660E-01    
            -3.9773887863E+00   2.2966520460E+00  -1.9904426819E-01   1.5093657725E-01    
            -3.9524600881E+00   2.2973259310E+00  -1.9729022680E-01   1.4717226567E-01    
            -3.9275245545E+00   2.2973968711E+00  -1.9550610492E-01   1.4346599182E-01    
            -3.9025969854E+00   2.2968515004E+00  -1.9369314441E-01   1.3981513537E-01    
            -3.8776927194E+00   2.2956853713E+00  -1.9185317372E-01   1.3621718482E-01    
            -3.8528268179E+00   2.2939025479E+00  -1.8998851231E-01   1.3266997304E-01    
            -3.8280133420E+00   2.2915147127E+00  -1.8810185367E-01   1.2917185294E-01    
            -3.8032647953E+00   2.2885399184E+00  -1.8619614107E-01   1.2572180489E-01    
            -3.7785917706E+00   2.2850011493E+00  -1.8427444896E-01   1.2231947674E-01    
            -3.7540027987E+00   2.2809248482E+00  -1.8233987929E-01   1.1896516405E-01    
            -3.7295043700E+00   2.2763395399E+00  -1.8039547825E-01   1.1565974363E-01    
            -3.7051010867E+00   2.2712746338E+00  -1.7844417485E-01   1.1240457513E-01    
            -3.6807958953E+00   2.2657594528E+00  -1.7648874010E-01   1.0920138537E-01    
            -3.6565903583E+00   2.2598224946E+00  -1.7453176352E-01   1.0605214800E-01    
            -3.6324849307E+00   2.2534909101E+00  -1.7257564341E-01   1.0295896799E-01    
            -3.6084792191E+00   2.2467901689E+00  -1.7062258699E-01   9.9923977784E-02    
            -3.5845722102E+00   2.2397438774E+00  -1.6867461730E-01   9.6949248867E-02    
            -3.5607624622E+00   2.2323737130E+00  -1.6673358404E-01   9.4036720476E-02    
            -3.5370482592E+00   2.2246994448E+00  -1.6480117650E-01   9.1188145363E-02    
            -3.5134277303E+00   2.2167390130E+00  -1.6287893710E-01   8.8405051553E-02    
            -3.4898989389E+00   2.2085086469E+00  -1.6096827467E-01   8.5688718277E-02    
            -3.4664599447E+00   2.2000230054E+00  -1.5907047681E-01   8.3040164000E-02    
            -3.4431088454E+00   2.1912953276E+00  -1.5718672108E-01   8.0460144347E-02    
            -3.4198438020E+00   2.1823375857E+00  -1.5531808488E-01   7.7949157859E-02    
            -3.3966630500E+00   2.1731606332E+00  -1.5346555395E-01   7.5507457683E-02    
            -3.3735649027E+00   2.1637743466E+00  -1.5163002969E-01   7.3135067515E-02    
            -3.3505477462E+00   2.1541877553E+00  -1.4981233516E-01   7.0831800411E-02    
            -3.3276100304E+00   2.1444091616E+00  -1.4801322018E-01   6.8597279298E-02    
            -3.3047502574E+00   2.1344462477E+00  -1.4623336532E-01   6.6430958253E-02    
            -3.2819669677E+00   2.1243061709E+00  -1.4447338529E-01   6.4332143839E-02    
            -3.2592587262E+00   2.1139956472E+00  -1.4273383143E-01   6.2300015958E-02    
            -3.2366241087E+00   2.1035210238E+00  -1.4101519375E-01   6.0333647825E-02    
            -3.2140616886E+00   2.0928883414E+00  -1.3931790239E-01   5.8432024825E-02    
            -3.1915700259E+00   2.0821033864E+00  -1.3764232863E-01   5.6594062070E-02    
            -3.1691476568E+00   2.0711717350E+00  -1.3598878556E-01   5.4818620602E-02    
            -3.1467930854E+00   2.0600987896E+00  -1.3435752839E-01   5.3104522219E-02    
            -3.1245047772E+00   2.0488898075E+00  -1.3274875443E-01   5.1450562960E-02    
            -3.1022811542E+00   2.0375499243E+00  -1.3116260277E-01   4.9855525327E-02    
            -3.0801205920E+00   2.0260841720E+00  -1.2959915374E-01   4.8318189322E-02    
            -3.0580214181E+00   2.0144974918E+00  -1.2805842794E-01   4.6837342423E-02    
            -3.0359819120E+00   2.0027947439E+00  -1.2654038504E-01   4.5411788601E-02    
            -3.0140003064E+00   1.9909807139E+00  -1.2504492216E-01   4.4040356518E-02    
            -2.9920747899E+00   1.9790601162E+00  -1.2357187185E-01   4.2721906991E-02    
            -2.9702035102E+00   1.9670375962E+00  -1.2212099956E-01   4.1455339875E-02    
            -2.9483845783E+00   1.9549177299E+00  -1.2069200042E-01   4.0239600444E-02    
            -2.9266160734E+00   1.9427050233E+00  -1.1928449535E-01   3.9073685387E-02    
            -2.9048960483E+00   1.9304039109E+00  -1.1789802617E-01   3.7956648508E-02    
            -2.8832225341E+00   1.9180187535E+00  -1.1653204945E-01   3.6887606217E-02    
            -2.8615935462E+00   1.9055538366E+00  -1.1518592885E-01   3.5865742885E-02    
            -2.8400070896E+00   1.8930133690E+00  -1.1385892532E-01   3.4890316150E-02    
            -2.8184611629E+00   1.8804014824E+00  -1.1255018460E-01   3.3960662209E-02    
            -2.7969537635E+00   1.8677222318E+00  -1.1125872105E-01   3.3076201180E-02    
            -2.7754828903E+00   1.8549795981E+00  -1.0998339640E-01   3.2236442571E-02    
            -2.7540465463E+00   1.8421774929E+00  -1.0872289162E-01   3.1440990905E-02    
            -2.7326427392E+00   1.8293197660E+00  -1.0747566893E-01   3.0689551534E-02    
            -2.7112694805E+00   1.8164102173E+00  -1.0623991984E-01   2.9981936695E-02    
            -2.6899247819E+00   1.8034526145E+00  -1.0501349251E-01   2.9318071820E-02    
            -2.6686066487E+00   1.7904507181E+00  -1.0379378820E-01   2.8698002143E-02    
            -2.6473130682E+00   1.7774083191E+00  -1.0257761002E-01   2.8121899626E-02    
            -2.6260419931E+00   1.7643292929E+00  -1.0136093540E-01   2.7590070209E-02    
            -2.6047913149E+00   1.7512176811E+00  -1.0013856235E-01   2.7102961420E-02    
            -2.5835588257E+00   1.7380778180E+00  -9.8903536754E-02   2.6661170309E-02    
            -2.5623421603E+00   1.7249145347E+00  -9.7646178452E-02   2.6265451711E-02    
            -2.5411387119E+00   1.7117335080E+00  -9.6352320106E-02   2.5916726715E-02    
            -2.5199455101E+00   1.6985419017E+00  -9.4999861806E-02   2.5616091122E-02    
            -2.4987590745E+00   1.6853496730E+00  -9.3551283968E-02   2.5364823214E-02    
            -2.4775754193E+00   1.6721726622E+00  -9.1934776323E-02   2.5164388686E-02    
            -2.4563917488E+00   1.6590419229E+00  -8.9984389925E-02   2.5016434031E-02    
            -2.4352301434E+00   1.6460504418E+00  -8.7149201494E-02   2.4922712551E-02    
            -2.4165875934E+00   1.6352400473E+00  -7.7632912372E-02   2.4883672279E-02    
            -2.4102866190E+00   1.6315934556E+00  -1.0070640332E-01   2.4887411353E-02    
             60 sample points along path from RCP to BCP between atoms O3 and Np4
            -2.5780903748E+00   2.2504295531E-01  -5.9556334067E-02   4.5558465486E-02    
            -2.5778590932E+00   2.2752860813E-01  -5.9690642865E-02   4.5558307850E-02    
            -2.5755619632E+00   2.5239392753E-01  -6.0889705290E-02   4.5539427399E-02    
            -2.5732885538E+00   2.7726437262E-01  -6.2026555271E-02   4.5489241689E-02    
            -2.5710380584E+00   3.0213810350E-01  -6.3136827101E-02   4.5408040239E-02    
            -2.5688098085E+00   3.2701462734E-01  -6.4229257683E-02   4.5296196252E-02    
            -2.5666037367E+00   3.5189376830E-01  -6.5307020940E-02   4.5154165437E-02    
            -2.5644181594E+00   3.7677521005E-01  -6.6373349149E-02   4.4982484605E-02    
            -2.5622520221E+00   4.0165877824E-01  -6.7429688519E-02   4.4781769936E-02    
            -2.5601050150E+00   4.2654438698E-01  -6.8476974161E-02   4.4552715016E-02    
            -2.5579758623E+00   4.5143187989E-01  -6.9515901972E-02   4.4296088565E-02    
            -2.5558632876E+00   4.7632111241E-01  -7.0546972749E-02   4.4012731938E-02    
            -2.5537661331E+00   5.0121195812E-01  -7.1570555037E-02   4.3703556390E-02    
            -2.5516830152E+00   5.2610427834E-01  -7.2586918364E-02   4.3369540109E-02    
